16.0
2.0
181.0
14.0

26.0
14.0
87.0
4.0
11.0
15.0
2.0
31.0
11.0
43.0
92.0
20.0
9.0
11.0
10.0
61.0
24.0
3.0
103.0
3.0
22.0
274.0
30.0
10.0
13.0
25.0
16.0

17.0
15.0
1.0
8.0
15.0
15.0
7.0
4.0
37.0
43.0
67.0
61.0
6.0
8.0
40.0
1.0
5.0
0.0
1.0
16.0
4.0
36.0
27.0
61.0
1.0
21.0
6.0
39.0
9.0
1.0
50.0
10.0
1.0
8.0
7.0
2.0
1.0
24.0
2.0

6.0
1.0
3.0
11.0
4.0
69.0
10.0
4.0
13.0
2.0
14.0

2.0
25.0
16.0
2.0
13.0
22.0
0.0
5.0
0.0
20.0
270.0

2.0
48.0
26.0
11.0
5.0
14.0
10.0
72.0
20.0
3.0
116.0
17.0
6.0
15.0

0.0
61.0
1.0
17.0
60.0
23.0
1.0
6.0
118.0
136.0
2.0
7.0
48.0
12.0
66.0
8.0
9.0
10.0
14.0
45.0
1.0
6.0
5.0
0.0
2.0
117.0
30.0
7.0
0.0
6.0
40.0
10.0
7.0
4.0
47.0
8.0
24.0
37.0
58.0
22.0
5.0
6.0
25.0
67.0
14.0
0.0
22.0
126.0
45.0
13.0
22.0
33.0
28.0
0.0
1.0
5.0
44.0
10.0
15.0
2.0
30.0
0.0

4.0
10.0
32.0
9.0
83.0
1.0
26.0
1.0
5.0
48.0
116.0
16.0
8.0
13.0
10.0
22.0
21.0
3.0
40.0
55.0

60.0
52.0

4.0
2.0
1.0
61.0
209.0
48.0
4.0
0.0
49.0
3.0
20.0
1.0
1.0
4.0
6.0
15.0
33.0
24.0
0.0
14.0
58.0
2.0
7.0
15.0
4.0
42.0
10.0
2.0
122.0
7.0
10.0
0.0
4.0
56.0
18.0
0.0
2.0
8.0
92.0
74.0
119.0
0.0
19.0
3.0
0.0
34.0
3.0
6.0
1.0
76.0
4.0
2.0
5.0
54.0
95.0
46.0
2.0

18.0
41.0
4.0
8.0
9.0
12.0
41.0
11.0
56.0
0.0
2.0
8.0
24.0
25.0

7.0
12.0
68.0
23.0
0.0
4.0
9.0
4.0
33.0
34.0
10.0
28.0
8.0
10.0
16.0
0.0
5.0

21.0
42.0
0.0
94.0
6.0
5.0
36.0
8.0
6.0
13.0
15.0
1.0
16.0
1.0
14.0
11.0
3.0
11.0
3.0
7.0
4.0
96.0
1.0
0.0
97.0
14.0
10.0
15.0
11.0
22.0
15.0
48.0
32.0
14.0
8.0
28.0
14.0
34.0
11.0
24.0
20.0
7.0
24.0
4.0
3.0
23.0
79.0
0.0
6.0
73.0
249.0
12.0
7.0
5.0
1.0
14.0
22.0
2.0
0.0
1.0
31.0
47.0
31.0
7.0
2.0
51.0
1.0
32.0
8.0

0.0
27.0
0.0
22.0
0.0
10.0
2.0
48.0
55.0
93.0
1.0
42.0
3.0
6.0
1.0
120.0

60.0
12.0
302.0
5.0
0.0
10.0
11.0
1.0
2.0
19.0
4.0
1.0
59.0

65.0
21.0
9.0
0.0

8.0
1.0
39.0
43.0
26.0
22.0
0.0
32.0
6.0
21.0

1.0
48.0
3.0
36.0
24.0
8.0
27.0
4.0
1.0
65.0
5.0
0.0
5.0
2.0
29.0
5.0
8.0
11.0
28.0
17.0
2.0
3.0
13.0
6.0
0.0
119.0
75.0
55.0
5.0
17.0
8.0
7.0
43.0
73.0
5.0
3.0
127.0
26.0
28.0
6.0
1.0
183.0
1.0
5.0
20.0
9.0
60.0
8.0

17.0
1.0
36.0
17.0
34.0
32.0
5.0
35.0
10.0

29.0
56.0
8.0
33.0
4.0
2.0
1.0
7.0
8.0
2.0
23.0
3.0
12.0
3.0
1.0
71.0
2.0
0.0
18.0
83.0
0.0
27.0
11.0
16.0
6.0
18.0
13.0
0.0
4.0
29.0
54.0

20.0
6.0
33.0
11.0
141.0
16.0
12.0
6.0
25.0
3.0
2.0
39.0
3.0
26.0
3.0
18.0
1.0
6.0
20.0
2.0
0.0
5.0
7.0
7.0
66.0
33.0
11.0
2.0
1.0
12.0
5.0
49.0
231.0
34.0
373.0
7.0
52.0
47.0
19.0
19.0
5.0
19.0
1.0
10.0
12.0
8.0
127.0
7.0
9.0
5.0
63.0
39.0
2.0
69.0
55.0
4.0
2.0
3.0
13.0
2.0
8.0
2.0
9.0
60.0
17.0
14.0
17.0
17.0
53.0
74.0
37.0

12.0
39.0
51.0
24.0
40.0
56.0
6.0
12.0
12.0
67.0
18.0
18.0
1.0
5.0
36.0
13.0
13.0
41.0
51.0
4.0
102.0
30.0
2.0
1.0
6.0
10.0
16.0
23.0
3.0
102.0
149.0

10.0
14.0
4.0
1.0
27.0
10.0
35.0
25.0
33.0
23.0
7.0
52.0
13.0
44.0
11.0
0.0
0.0
3.0
18.0
0.0
16.0
16.0
1.0
3.0
58.0
16.0
31.0
5.0
17.0
12.0
6.0
2.0
22.0
6.0
3.0
36.0
4.0
1.0
25.0
25.0
23.0
35.0
3.0
37.0
12.0
43.0
25.0
8.0
1.0
58.0
9.0
32.0
11.0
89.0
16.0
9.0
57.0
264.0
2.0

16.0
13.0
45.0
3.0
8.0
0.0
29.0
6.0
21.0
143.0
48.0
0.0
166.0
25.0
2.0
55.0
49.0
29.0
1.0
4.0

9.0
22.0
10.0
4.0
1.0
20.0
0.0
22.0
14.0
120.0
2.0
29.0
21.0
29.0
16.0
84.0
12.0
9.0
17.0
2.0
50.0
37.0
21.0
77.0
8.0
7.0
13.0
1.0
58.0
14.0
13.0
19.0
19.0
9.0
56.0
6.0
40.0
28.0
5.0
7.0
10.0
3.0
34.0
63.0
9.0
0.0
9.0
2.0
10.0
14.0
17.0
147.0
59.0
23.0

3.0
54.0
21.0
0.0
75.0
4.0
11.0
0.0
115.0
1.0
9.0
91.0
11.0
20.0
5.0
49.0
1.0
2.0
32.0
20.0
3.0
8.0
0.0
0.0
6.0
46.0
1.0
1.0
9.0
8.0
28.0
1.0
53.0
79.0
75.0
10.0
42.0
137.0
9.0
16.0
14.0
1.0
3.0
119.0
10.0
7.0
9.0
19.0
27.0
11.0
51.0
28.0
29.0
35.0
10.0
9.0
0.0
13.0
10.0
161.0
2.0
16.0

3.0
47.0
404.0
41.0
2.0
22.0
50.0
2.0
0.0
3.0
15.0
5.0
17.0
3.0
440.0
2.0
0.0
23.0
6.0
0.0
55.0
8.0
6.0
12.0
28.0
0.0
29.0
61.0
10.0
0.0
6.0
8.0
6.0
76.0
3.0
4.0
39.0
1.0
129.0
19.0
50.0
15.0
16.0
7.0
6.0
93.0
355.0

0.0
8.0
14.0
10.0
42.0
3.0
38.0
18.0
76.0
5.0
140.0
8.0
28.0
1.0
2.0
7.0
19.0
7.0
80.0
5.0
61.0
11.0
0.0
5.0
100.0
1.0
1.0
65.0
7.0
15.0
82.0
84.0
0.0
16.0
10.0
7.0
4.0
17.0
0.0
2.0
4.0
4.0
10.0
22.0
20.0
19.0
15.0
20.0
2.0


0.0
117.0
0.0
22.0
12.0
1.0
21.0
35.0
3.0
0.0
6.0
47.0
3.0
0.0
32.0

1.0
57.0
0.0
18.0
0.0
71.0

60.0
0.0
9.0
16.0
15.0
30.0
19.0
0.0
70.0
4.0
31.0
12.0
0.0
22.0
14.0
9.0
7.0
10.0
8.0
8.0
29.0
11.0
68.0
7.0
24.0
204.0
10.0
10.0
6.0
11.0
41.0
4.0
8.0
9.0
14.0
19.0
158.0
7.0
0.0
63.0
33.0
61.0
5.0
73.0
5.0

16.0
21.0
261.0
8.0
1.0
34.0
4.0

0.0
2.0
10.0

174.0
11.0
29.0
38.0
11.0
38.0
25.0
8.0
69.0
37.0
2.0

3.0
0.0
23.0
2.0
38.0
8.0
13.0
13.0
90.0
81.0
27.0
0.0
1.0
144.0
12.0
0.0
3.0
5.0
50.0
53.0
0.0
0.0
58.0
27.0
131.0
29.0
22.0
2.0
6.0
99.0
0.0
0.0
63.0
5.0
8.0
44.0
37.0
58.0
25.0
38.0
66.0
37.0
6.0

0.0
9.0
9.0
48.0
6.0
7.0
81.0
7.0
7.0
38.0
184.0
16.0
6.0
4.0
6.0
76.0
4.0
28.0
22.0
3.0
7.0
43.0
14.0
32.0
237.0
20.0
1.0
5.0
14.0
8.0
0.0
3.0
12.0
12.0
9.0
8.0
15.0
7.0
4.0
36.0

19.0
38.0
16.0
2.0
216.0
7.0
20.0
128.0
50.0
13.0

7.0
3.0
61.0
8.0
8.0
26.0
26.0
16.0
11.0
11.0
3.0
7.0
7.0
15.0
29.0
21.0
10.0
22.0
5.0
1.0
22.0
104.0
1.0
12.0
21.0
3.0
48.0
0.0
1.0
13.0
26.0
132.0
8.0
2.0
2.0
10.0
5.0
7.0
3.0
1.0

14.0
13.0
9.0
16.0
10.0
3.0
11.0
0.0
157.0
6.0
15.0
1.0
27.0
19.0
10.0
19.0
5.0
52.0
24.0
0.0
10.0
9.0
7.0
60.0
25.0
0.0
2.0
7.0
19.0
47.0

3.0
159.0
9.0
1.0
9.0
6.0
1.0
25.0
4.0
113.0
25.0
56.0
7.0
56.0
1.0
1.0
3.0
21.0
4.0
37.0
53.0

0.0
16.0
22.0
5.0
1.0
4.0
34.0
17.0
56.0
2.0
20.0
15.0
13.0
7.0
9.0
5.0
2.0
8.0
3.0
14.0
5.0
13.0
0.0
19.0
12.0
11.0
19.0
324.0

59.0
12.0
5.0
6.0
1.0
31.0
8.0
6.0
45.0
23.0

3.0
12.0
15.0
4.0
102.0
2.0
32.0
8.0
27.0
0.0
4.0
73.0
8.0
8.0
3.0
84.0
10.0
3.0
6.0
1.0
82.0
28.0
76.0
3.0
12.0
5.0
3.0
14.0
57.0
0.0
19.0
2.0
5.0
7.0
21.0
13.0
5.0
24.0
81.0
3.0
20.0
22.0
12.0
17.0
7.0
33.0
12.0
67.0
18.0
54.0
5.0
11.0
2.0
15.0
7.0
27.0
19.0
11.0
9.0
5.0

91.0
29.0
20.0
1.0
10.0
2.0
17.0

0.0
61.0
0.0
33.0
6.0
6.0
200.0
49.0
3.0
3.0
46.0
11.0

62.0
120.0
17.0
0.0
25.0
3.0
0.0
19.0
3.0
9.0
8.0
7.0
11.0
1.0
37.0
11.0
6.0
4.0
6.0
14.0
38.0
7.0
28.0
3.0
10.0
20.0
37.0
59.0
24.0
5.0
8.0
2.0
7.0
58.0
0.0
1.0

30.0
12.0
45.0
8.0
35.0
60.0
0.0
20.0
51.0
12.0
1.0
9.0
29.0
30.0

12.0

1.0
146.0
7.0
43.0
8.0
13.0
9.0
21.0
20.0
1.0
14.0
60.0
20.0
34.0
5.0
4.0
47.0
21.0
26.0
23.0
1.0
21.0
5.0
1.0
5.0
9.0
35.0
114.0
0.0
78.0
19.0
36.0
186.0

96.0
21.0
25.0
2.0
7.0
10.0
19.0
89.0
2.0
89.0
3.0
2.0

72.0
16.0
46.0
125.0
2.0
21.0
9.0
5.0
6.0
61.0
2.0
0.0
0.0
86.0
38.0
20.0
1.0
4.0
44.0
3.0
46.0
1.0
22.0
28.0

6.0
19.0
12.0
5.0
93.0
46.0
0.0
57.0
30.0
4.0
8.0
4.0
19.0
1.0
9.0
2.0
26.0
1.0
5.0
35.0
1.0
4.0
13.0

9.0
10.0
26.0
10.0
38.0
7.0
1.0
69.0
12.0
18.0
4.0
4.0
213.0
31.0
27.0
19.0
14.0
2.0
14.0
113.0
6.0
21.0
3.0
70.0
62.0
16.0
40.0
3.0
0.0

3.0
12.0
20.0
3.0
27.0
8.0
34.0
6.0
120.0
16.0
1.0
20.0
14.0
9.0
187.0
1.0
19.0
0.0
7.0
22.0
5.0
12.0
20.0
4.0
8.0
11.0
9.0
0.0
3.0
0.0
5.0
15.0
43.0
13.0
91.0
144.0
14.0
4.0
64.0
23.0
20.0
14.0
23.0
9.0
24.0
26.0
9.0
0.0
21.0
37.0
25.0
6.0
0.0
15.0
16.0
0.0

0.0
29.0
2.0
22.0
22.0
5.0
63.0
8.0
62.0
1.0
32.0
20.0
71.0
16.0
7.0
36.0
4.0
78.0
4.0
24.0
17.0
169.0
20.0
8.0
0.0
32.0
0.0
13.0
30.0
2.0
58.0
51.0
20.0
5.0
45.0
22.0
111.0
4.0
7.0
20.0
28.0
4.0
10.0
20.0
251.0
168.0
1.0
14.0
16.0
8.0
6.0
41.0
15.0
101.0
58.0
35.0
17.0
5.0
136.0
20.0
56.0
4.0
25.0

7.0
15.0
22.0
2.0
13.0
41.0

61.0
3.0
5.0
132.0
42.0
7.0
58.0
9.0


1.0
20.0
30.0
6.0
47.0
74.0
14.0
6.0
5.0
36.0
20.0
156.0
9.0
80.0
5.0
43.0
6.0
6.0
24.0
16.0
16.0
148.0
0.0
2.0
1.0
0.0
9.0
3.0
17.0
21.0
54.0
13.0
12.0
5.0
100.0
44.0
5.0
44.0
20.0
6.0
46.0
2.0
3.0
2.0
58.0
0.0
15.0
6.0
106.0
40.0
73.0
0.0

88.0
37.0
7.0
37.0
15.0
124.0
21.0
56.0
81.0
26.0
65.0
3.0
37.0
5.0
0.0
6.0
56.0
5.0
8.0
42.0
28.0
34.0

20.0
37.0
2.0
5.0
40.0
35.0
33.0
119.0
20.0
8.0
58.0
0.0
0.0
25.0
5.0
6.0
19.0
8.0
71.0
21.0
98.0
13.0
8.0
10.0
16.0
6.0
1.0
0.0
0.0
28.0
95.0
17.0
9.0
12.0
18.0
0.0
7.0
7.0
17.0
48.0
13.0
14.0
6.0
4.0
13.0

2.0
12.0
4.0
0.0
36.0
11.0
27.0
17.0
44.0
0.0
14.0
3.0
7.0
38.0
12.0
47.0
7.0
113.0
5.0
7.0
60.0
15.0

29.0
1.0
0.0
30.0
34.0
101.0
15.0
18.0
40.0
1.0
46.0
2.0
99.0
140.0
4.0
7.0
84.0
35.0
27.0

42.0
3.0
5.0
8.0
14.0
32.0
32.0
50.0
43.0
0.0
1.0
17.0
11.0
73.0
16.0
12.0
2.0
5.0
8.0
6.0
113.0
3.0
26.0
3.0
33.0
19.0
5.0
34.0
1.0
4.0
13.0
0.0
6.0
13.0
16.0
9.0
80.0
34.0
3.0
75.0

8.0
5.0
54.0
35.0
2.0
8.0
5.0
30.0
0.0
30.0
9.0
22.0
1.0
15.0
14.0
110.0
11.0
9.0
11.0
20.0
8.0
63.0
21.0
1.0
11.0
11.0
0.0


1.0
1.0
13.0
26.0
12.0
15.0
5.0
7.0
7.0
35.0

7.0
7.0
65.0
17.0
34.0
71.0
65.0
5.0
23.0
1.0
13.0
10.0
28.0
15.0
7.0
32.0
84.0
157.0
39.0
35.0
26.0
2.0
59.0
1.0
11.0
7.0
21.0
14.0
0.0
0.0
23.0
1.0
22.0
24.0
5.0

22.0
45.0
1.0
23.0
28.0
13.0

13.0
11.0
15.0
23.0
8.0
2.0
59.0
13.0
38.0
6.0
27.0
0.0
249.0
3.0
5.0
2.0
7.0
10.0
1.0
25.0
13.0
0.0
8.0
2.0
78.0
6.0
16.0
12.0
66.0
15.0

11.0
3.0
32.0
31.0
10.0
17.0
4.0
30.0
14.0
164.0
21.0
8.0
9.0
3.0
29.0
4.0
10.0
2.0
4.0
68.0
17.0
3.0
10.0
9.0
89.0
6.0
28.0
15.0
54.0
0.0
72.0
1.0
6.0
13.0
4.0
3.0
29.0
16.0
37.0
26.0
16.0
88.0
31.0
17.0
40.0
64.0
17.0
13.0
3.0
83.0
112.0
21.0
7.0
4.0
6.0

7.0
67.0
5.0
9.0
11.0
5.0
1.0
1.0
6.0
2.0
29.0
11.0
87.0
3.0
7.0
13.0
80.0
20.0
44.0
5.0
76.0
7.0
23.0
11.0
41.0
5.0
19.0
26.0
29.0
1.0
4.0
0.0
13.0
29.0

30.0
14.0
29.0
12.0
2.0

34.0
9.0
38.0

7.0
13.0
9.0
8.0
6.0
26.0
2.0
1.0
15.0
35.0
11.0
28.0

9.0
133.0

1.0
6.0
7.0
43.0
1.0
14.0
17.0
12.0
118.0
25.0
1.0
15.0
5.0
55.0
9.0
20.0
76.0
159.0
6.0
8.0
36.0

18.0
11.0
25.0
6.0
22.0
47.0
15.0
8.0
13.0
2.0
1.0
67.0
150.0
0.0
11.0
7.0
6.0
28.0
1.0
31.0
2.0
11.0
5.0
15.0
88.0
13.0
55.0
16.0
9.0
37.0
23.0
60.0
35.0
22.0
5.0
151.0
1.0
78.0
9.0
35.0
20.0
19.0

6.0
22.0
63.0
7.0
3.0
1.0
16.0
11.0
10.0
9.0
35.0
3.0
33.0
8.0
2.0
159.0
18.0
69.0
25.0
2.0
39.0
8.0
17.0
13.0
6.0
18.0
11.0
3.0
19.0
8.0
40.0
6.0
2.0
1.0
13.0
24.0
29.0
6.0
100.0
37.0
18.0
0.0
2.0
21.0
6.0
29.0
6.0
2.0
16.0
9.0
4.0
30.0
8.0
10.0
47.0
1.0
11.0
1.0
3.0
7.0
11.0
23.0
13.0
1.0
11.0
14.0
34.0
18.0
32.0
5.0
33.0
5.0
8.0
5.0
32.0
40.0
76.0
5.0
20.0
1.0
10.0
167.0
10.0
0.0

20.0
5.0
26.0
1.0
3.0
54.0
7.0
7.0
15.0

16.0
22.0
35.0
30.0
76.0
0.0
14.0
14.0
16.0
19.0
18.0
129.0
28.0
32.0


22.0
6.0
1.0
2.0
224.0
5.0
67.0
2.0
3.0
3.0
32.0
3.0
15.0
23.0
67.0
43.0
14.0
6.0
49.0
57.0
29.0
12.0
11.0
3.0
15.0
16.0
7.0
31.0
25.0
38.0
43.0
59.0
100.0
27.0
3.0
32.0
14.0
11.0
2.0
0.0
26.0
37.0
0.0
32.0
44.0
9.0
40.0
43.0
1.0
23.0
154.0
11.0
74.0
19.0
0.0
3.0
16.0
23.0
61.0
6.0
2.0
124.0
1.0
0.0
20.0
9.0
226.0
15.0
28.0
16.0
30.0
2.0
25.0
14.0
52.0
4.0
0.0
7.0
19.0
1.0
0.0
6.0
4.0

0.0
3.0
4.0
77.0
22.0
6.0
46.0
11.0
15.0
1.0
19.0
0.0
6.0
2.0
14.0
30.0
105.0
35.0
61.0
13.0

10.0
31.0
18.0
0.0
25.0
141.0
24.0

84.0
20.0
0.0
51.0
23.0
2.0
35.0
25.0
49.0
2.0
23.0
16.0
2.0
1.0
9.0
3.0
39.0
18.0
30.0
24.0
13.0
50.0
37.0
65.0
35.0
0.0
1.0
2.0
1.0
8.0
1.0
6.0
4.0
34.0
0.0
40.0
44.0
3.0
15.0
27.0
6.0
53.0
14.0
91.0
97.0

3.0
19.0
0.0
10.0
3.0
6.0
118.0
197.0
155.0
51.0
32.0
60.0
7.0
61.0
10.0
6.0
51.0
3.0
31.0
3.0
102.0
1.0
0.0

13.0
9.0
0.0
16.0
76.0
8.0
13.0
22.0
9.0
87.0
79.0
18.0
55.0
30.0
13.0
5.0
1.0
4.0
113.0
193.0
7.0
7.0
0.0
8.0
10.0
41.0
60.0
112.0
29.0
61.0
59.0
1.0
4.0
47.0
29.0
31.0
19.0
17.0
2.0
24.0
1.0
56.0
8.0
7.0
13.0
11.0
9.0
2.0
147.0
10.0
1.0
0.0
47.0
14.0
8.0
11.0
8.0
11.0
16.0
5.0
1.0
46.0
21.0
39.0
23.0
10.0
199.0
7.0

0.0
1.0
13.0
46.0
58.0
4.0
44.0
0.0
22.0
278.0
0.0
4.0
24.0
42.0

11.0
9.0
33.0
0.0
